              precision    recall  f1-score   support

           0       1.00      0.00      0.00      2969
           1       1.00      0.00      0.00       290
           2       1.00      0.00      0.00        91
           3       1.00      0.00      0.00        60
           4       1.00      0.00      0.00        49
           5       0.01      1.00      0.02        30
           6       1.00      0.00      0.00        38
           7       1.00      0.00      0.00        46

    accuracy                           0.01      3573
   macro avg       0.88      0.12      0.00      3573
weighted avg       0.99      0.01      0.00      3573
